-956571.696412885
-95346.6973278025
-244644.47077532
-321289.697031078
-32930.7697279648
20756.5462734958
-368657.517885461
418197.358888193
1151646.32924079
-279171.891639829
431469.879273597
2178.26825356258
150229.141211517
183783.997826357
-199106.548735511
484971.778681468
631089.081476792
94015.7902296453
-9385.87176880129
201947.524243391
-274483.722238065
985533.658339489
353839.391162312
-298635.41842606
-153930.557220902
76557.2126044835
-1046584.59104882
-311651.194364578
171644.273013002
119195.971973007
1075251.12584279
444889.279364106
1077557.20473388
-599007.36795768
-244928.83210606
-740661.524977241
1098660.36476844
460235.427578644
681453.227131565
-186270.009268296
