92.2023885537086
92.213919482804
93.5676899713641
92.5780881178238
91.5997584639067
91.3622887118168
90.6971015960239
91.8919256522921
89.6895341791105
93.1474721282491
92.7988775848297
92.4522000224894
91.5716398542014
91.9642319374187
91.3339110488237
93.4923977216889
91.8222120903961
91.189731016169
91.953477201093
91.9359876505813
93.6201370119575
90.0774019714519
92.3475570869967
92.278029433941
91.2307532169301
92.1453857441268
93.5026774476876
91.0566742773537
91.5806397056693
90.7876802811475
91.8114946509016
92.0320271129755
91.6238511347583
94.107162445078
92.2846412780382
92.9004529416281
89.5660048128424
91.8300732160865
91.639494164622
92.1882133972888
