92.2023885537086
91.4634838723168
89.3983522025014
91.0296375757669
91.0296375757669
90.6514980364108
92.3308912321192
91.4737576259401
91.4737576259401
90.4350925141457
91.4737576259401
90.4350925141457
92.4662642529222
90.8933620698761
93.1340760365673
91.4737576259401
90.4350925141457
92.4662642529222
90.8933620698761
92.3308912321192
92.4662642529222
90.8933620698761
92.3308912321192
92.4662642529222
90.8933620698761
92.3308912321192
91.7720789277472
90.4350925141457
91.4737576259401
90.4350925141457
92.4662642529222
90.8933620698761
93.1340760365673
90.8933620698761
92.3308912321192
91.4737576259401
90.4350925141457
92.4662642529222
90.8933620698761
93.1340760365673
