-0.3
-0.299043428303587
-0.298948081606259
-0.298703437135484
-0.298382147438453
-0.298349216668725
-0.298369973214998
-0.298001315697113
-0.298419513056001
-0.299571159385242
-0.299291987493602
-0.299723457372876
-0.299725635641129
-0.299875864782341
-0.300059648780167
-0.299860542231432
-0.300345514010113
-0.30097660309159
-0.30107061888182
-0.301061233010051
-0.301263180534294
-0.300988696812056
-0.301974230470396
-0.302328069861558
-0.302029434443132
-0.301875503885911
-0.301952061098515
-0.300905476507467
-0.300593825313102
-0.300765469586115
-0.300884665558088
-0.301959916683931
-0.302404805963295
-0.303482363168029
-0.302883355800071
-0.302638426967965
-0.301897765442988
-0.302996425807756
-0.303456661235335
-0.304138114462466
-0.303951844453198
