-24630.1560463943
-45057.1157290946
71353.9320127777
14461.5512524937
39091.9094255848
93910.4354529659
-28572.5405522576
-8408.95432601593
-8408.93075496382
15276.1801086552
-8408.95000446892
26214.5204957238
-67708.8126415917
85848.5501745035
-38717.0341599863
-8408.9422350657
26214.4962750973
-67708.7500816631
85848.4708578455
-18628.0218110722
-67708.7390604215
85848.4568845551
-18628.0187788731
-67708.7280391853
85848.4429112716
-28572.5603892224
-18353.4100889361
15276.1828948748
-8408.95153819135
26214.5252770072
-67708.8249912617
85848.565832043
-92295.0818200466
85848.3813534384
-28572.5399000264
-8408.95413406667
26214.5333694855
-67708.8458934816
85848.59233294
-92295.1103125721
