3
3.00002463015605
3.00006968727178
2.99999833333976
2.99998387178851
2.99994477987908
2.99985086944363
2.99987944198418
2.99988785093851
2.99989625986926
2.99988098368916
2.99988939263916
2.99986317811867
2.99993088693131
2.99984503838113
2.99988375541529
2.99989216435753
2.99986594986125
2.99993365861133
2.99984781014048
2.99986643816229
2.99993414690135
2.99984829844446
2.99986692646324
2.99993463519128
2.99984878674837
2.99987735930876
2.99989571271885
2.99988043653595
2.99988884548749
2.99986263096221
2.99993033978721
2.99984449122137
2.99993678630319
2.99985093792184
2.99987951046174
2.99988791941587
2.9998617048825
2.9999294137284
2.99984356513606
2.99993586024638
