-0.558360181523057,-0.29954502493473,-1.49092693537847,-1.02633467622751,-0.148275292274022,-0.321344137059711
-0.320147959245787,0.264674683551419,-0.0690715892002913,-0.471624504099182,0.0603260682480595,-0.232059206216533
-0.0112876309256649,-0.0135312550125803,0.0632575634304544,0.354844943950923,0.574153226401265,0.306606169852728
0.0273742097446501,0.0502482578615684,-0.263934467722862,0.34257583170465,0.127421152659934,-0.0341201890389158
0.0949502464012397,0.0113552696575425,0.0383770628688467,0.116100820885023,-0.171568367317548,-0.070422449404191
0.106538827685299,0.145197232780802,0.293352131802294,0.236770397750178,0.220231341217371,0.10263487710219
-0.912652035642111,-0.198098227535169,-0.372991904037832,-0.287943703177305,-0.62464668810334,-0.932391061001013
0.270747041517851,0.214531693911823,-0.195014954021289,0.655226631808077,-0.247946789645326,0.236745458793436
-0.485675216867122,-0.23194962205487,-0.435498446125237,0.184112433995253,-0.0738835508987705,0.572584819455187
4.57903224531675,4.62530592022512,1.49083942065278,4.45604764821468,5.08778151758351,5.97612912439347
NaN,NaN,NaN,NaN,NaN,NaN
0.0150860151615007,0.00036139329387197,-0.0112618910910953,-0.0144010634458027,-0.00319333652714704,-0.0193600207680902
0.00192566859999488,-0.00937263132755106,-0.00582909421746081,-0.0178541870884601,-0.0274644415717944,0.0247484772752387
0.0325582549262151,-0.00194294384789373,0.00372221113394744,0.0220429574457626,-0.0165266074744181,0.0266894434434448
-0.0197510491781827,-0.00211763157034284,0.0117040043290331,-0.029573937582029,0.00570118492407801,-0.00292441273330724
0.38342105087284,0.0204055731041137,0.0392569718562186,0.0164465705847761,-0.00321980139088396,-0.00559582330348007
-0.0238757286194868,-0.0174338477401932,-0.0205078927207296,0.00533170811399941,-0.0025609879949684,-0.0304566291844708
-0.00911857027963947,-0.00995466824500113,-0.0169724976878456,0.00163708190675038,-0.0141343185486846,-0.00867333108175217
0.0168111882926496,0.0430366099403159,0.00772503519095835,-0.0146792965313409,0.0118241451535823,-0.0111886438788247
0.00248162775895366,0.384514795617662,0.0168178956174074,0.0283634726564799,-0.00931572764017119,0.0358555677188406
-0.00587825508651463,-0.00825134425835472,0.00739992237433285,-0.0163362631828932,-0.0259363704559235,-0.0375085011156386
0.0279839996040607,-0.00969162441654703,0.00368948240844702,0.0275515516077007,-0.0124281404314388,0.026066811531166
-0.00113491838780533,0.0112329935938646,-0.00167578501000776,0.0430785198797139,0.0145628742710073,-0.0158212575473726
0.0338420856041921,0.0148963427153035,0.0154536246953398,0.0157237369418226,0.00569751148424302,0.00488509969446227
0.0263598444162483,-0.0308249439329131,-0.00219322857810766,-0.0165524666146268,0.0159091817218666,0.0211407669787604
-0.0258210009318134,-0.0221499290296663,-0.000244122691043458,-0.00971338321889448,-0.0164414220263325,-0.0152172484604876
-0.0230586492348266,-0.032821438280763,-0.0316611501037869,-0.00734163736765936,-0.0191853226847911,-0.00378719992068
-0.026355980165647,-0.0527739999503183,-0.0302493528280934,0.0042702054910535,-0.0232952337661345,-0.0233204271898444
-0.00198213611352571,-0.0337620749264431,-0.0419451458694198,-0.0321647654182584,0.000965047606456437,0.0144391699015785
0.00295343180761165,-0.0104356556352059,-0.0165765507279616,0.0189352915813004,-0.0292480115242597,-0.0256562424068818
0.0120627570536556,0.00934394188240617,-0.00235331323872856,0.00308122224109297,0.0420367027789723,0.0176603078626272
0.0263194414968382,0.0167710622459936,0.0421781226686164,0.0103416235842815,0.0361366290619856,0.0152756068916062
0.0136870869894494,0.00605472620046044,0.0149419611979056,-0.000530991889405641,0.0225325524977791,0.00936970894875344
0.0180395213137672,0.011181059878993,0.00502033401431845,-0.0217342597762524,0.0156884322198039,0.0285314009967124
-0.0108127265532403,-0.0161088406614169,0.000352009848882062,-0.019259331158338,0.0390760944557371,0.0126478043707436
0.0184342564151052,0.0366622581720151,0.000930590955988464,0.0222150900992233,0.0308433736346956,0.00677279797901065
0.00196609697155736,-0.0117237666246979,-0.0152768294062184,-0.00548790158572388,-0.0152749994797432,-0.0142702947827331
0.00712783362132541,0.0158806822648216,0.0185194194946803,0.0177995787682903,-0.00996258125024951,0.364210891109849
-0.0275024106797446,-0.0613895906672894,-0.0299482684784493,-0.0532361961040806,-0.0222834743257749,-0.00834024916846943
0.015476252571716,-0.0170825755012629,-0.036776206969364,0.363705118352414,0.0040517215629734,-0.00882178102764897
0.016479657404858,0.018787738367962,0.0209490671536514,0.0158290155248437,0.0315580251102574,0.0224605860955762
-0.00494551300855051,0.0109646123135576,0.341243873079094,-0.0393570421036031,-0.0123359791130611,-0.0263469833997192
0.376314679892999,-0.00332464200715776,-0.00720291186038935,0.0112351827528698,0.0398225738072711,-0.00856463596983303
-0.0163417659058211,-0.0105091312831576,-0.00871933374509126,0.00166293495274772,-0.0153139810786627,-0.0152139796801123
0.003015471194459,-0.00957933754372675,-0.000746649925929432,-0.0209251433670943,0.0188837799020405,0.0114844722265559
0.0123422030449376,-0.0149582833422812,0.002535789642792,0.0165681783145999,0.00859079627457504,0.0209492952722314
0.0290370267996707,0.00979316176068323,-0.0111031741767249,0.00322950098373553,0.0194087003052061,0.0275283892719358
0.0438142414750473,0.0285946961380432,0.0257178385592738,0.0386071414774847,0.0306944489408068,0.0416028098803167
-0.0267337812914832,-0.00685739793979678,-0.00957774636896147,-0.00960902750179571,-0.000545933830181866,0.00598860570423199
0.00264281881490547,-0.00771953728485641,-0.00885167553565225,0.0152539874592037,-0.0219084619311332,-0.00839389639938304
-0.0229296770242513,-0.0196908346617306,-0.00543056215610704,-0.0196847936315407,-0.00741294086435573,-0.0208876607389925
0.346245379923459,0.0118172897711588,0.0196468540966066,0.00584532567899032,0.0134089940697777,0.0146851894466522
0.00175884217057387,-0.0283099665745112,-0.0352603463076946,-0.026357521464405,-0.0305728795274263,-0.0377850903082617
-0.000397611672156017,0.00467050975802863,-0.0166363735086748,-0.0150677692122656,-0.0174325185859914,-0.00814124227127877
-0.043981037735989,-0.041961510688111,-0.0279725159693953,-0.00751074180772093,-0.0234900766284341,-0.0182406638542147
-0.00126313681468559,0.356824355188962,0.0225565483633545,0.0159335981660433,0.00579612800333962,0.0177727933560448
0.00244719341395694,0.0140894722678979,-0.0128873424688436,0.000789479122943249,0.0191460432530164,-0.00485687449253192
0.022635451567794,-0.000218295041349847,0.010210625428499,-0.0205096151835278,-0.0202010628987068,-0.0186507350253464
0.0231601226474822,0.0209627425180656,0.0207396777532836,0.0213333991659397,0.0308570463780597,0.0267954717925818
-0.0148061326895856,-0.0210060002085299,0.0067134629891541,0.00563357580458046,-0.016721869274221,-0.0297455379383109
-0.0245125189049418,0.00741690891356939,-0.0117583329212039,0.0132605479438439,0.350315151771895,0.0108068515993409
0.0177802961040925,0.0156697685245035,0.0296957227562871,0.0337503901017442,0.0323908725823685,0.372162185227239
-0.0304497699345632,-0.0203867819525385,0.331662678907605,-0.00598820513909004,0.00083921214621796,0.00505508447196235
-0.0126832037392717,-0.00224452518267526,-0.0296198679706379,-0.0244214841415271,0.346422309665314,-0.0103105424484795
-0.0235260937210455,-0.027146850133505,-0.0149885098603875,-0.0058136635610424,-0.0155347937798922,-0.000363261506635126
-0.0124158452045435,0.0376781283935372,-0.0140056887862841,0.00566913738231278,0.0130316557219601,-0.000540674385888451
-0.00315451954318746,0.00534068761339768,0.0386962197904666,0.0173598817571587,0.020632677769072,0.00698500946984382
0.0267090895560784,0.0171471574241195,0.034454762742115,0.0315027119361559,0.0442055585015453,0.0254749480048133
0.0302059362666967,0.0396451835214577,0.0160585934757762,0.00321381466423531,0.0124300130461279,-0.00383687911022434
0.00321466262747094,0.0186835646145482,0.00553194990715156,0.0070447281843542,0.0232792403379278,0.010617866211021
-0.0139575074825302,-0.0361671052591532,-0.0141434468800981,-0.0155278453735832,-0.0333874989944718,-0.00898915991018612
-0.0054357374917231,-0.0108762742336808,-0.011998199120228,-0.00312710711824593,0.00956687081287555,-0.0196342919931567
0.0072834933009176,0.00738426970039541,0.0145403556508086,-0.00704088215076126,0.0101670753042242,-0.00427017716839373
0.0284375310780263,0.00289104249591787,-0.0121510777376841,0.014744345182919,0.0104941639814911,-0.000658832022082834
-0.00454926059359195,-0.00904436691288879,0.004023786186508,-0.0117730228642756,-0.00939720025962743,0.0208922329071299
-0.0196505129284787,-0.0270116208577633,0.00111901628784494,-0.0117438541704757,-0.00849218413816288,-0.022819904646866
-0.0291615648608854,-0.00122652174812288,-0.030275441241173,-0.0244819670293737,-0.0218167808141629,-0.0343965458458229
-0.000919588555802875,0.0176672881355557,-0.0026897290354384,-0.0144887532844109,-0.0178256324358017,0.00866210252650035
-0.0142800338770428,-0.00953278815225644,0.00477554145675185,-0.0038617107366008,0.0306392224855188,-0.0152283035048697
-0.02491683435602,-0.0227650685004051,-0.00462868974796038,-0.0088859374507706,-0.0536864413467129,-0.0268990446065231
-0.013952406929377,-0.0113625397032706,-0.0417752365805768,-0.00615478507501166,0.0207677815995453,-0.0275725617598823
-0.00664976192436484,-0.0152898059779716,0.0139218569464674,0.0282384598499164,0.00936992742592224,0.00774438059451654
0.00173189344079105,0.0179344471387708,0.0246054132286417,-0.018580186438669,-0.000332789105726761,-0.00444266478481836
0.00488007194832107,0.0265066993593734,0.0136197048998383,0.00903479688565767,0.0021044606270948,0.00548922306137456
-0.0149854867409545,0.00345161011739492,0.00277428725723894,0.0158327080001186,0.354802298255038,0.0227704880315969
0.0194544578612863,-0.0126294144882877,0.0459642912529148,0.0243969337209649,-0.0131730147307962,0.0035043010614686
-0.00612424801431644,-0.00545890558370843,0.345942170544106,-0.00747813378592355,-0.00713429886380368,0.0169374123104262
0.0134265705986536,0.0480469291931342,0.0337648416152092,0.0524910092291577,0.0116616652565824,0.015877212189622
0.00751115109397915,0.0248237495415253,0.016583978496385,0.0344949322497428,0.00910681115109924,-0.0103389828276477
0.00326928615032784,-0.00731331288000092,0.344173810709606,-0.0127067572952342,-0.000283571151442175,-0.0100085405334482
0.00957354699966118,0.0120682607346225,-0.0252077524726246,-0.0186352454799703,-0.0286213437433389,-0.0226049304019114
0.00988183567130818,0.00896464197478508,0.0247145502343074,0.00299676587980002,-0.00141533138264549,0.0135046218773027
0.0053566274462753,0.00203360744652059,0.387529842923726,0.0116319458858811,0.00578488061088933,-0.00462337111278543
0.00176727943411947,0.0127526873011448,-0.0101643834402125,0.0216235272282574,-0.00430905017353211,0.00797831845278552
0.0197766078131565,0.0132082130691344,-0.0129063733814121,0.00213634909519556,0.00246001605526658,0.0077792795064795
-0.0094977078363172,-0.0166974092014698,0.340295821562876,0.0153390861169669,0.00844480586525265,0.0289139638588551
-0.0189246279145436,0.00802270118416004,-0.0226185137830726,-0.0202786290772679,0.0110490828619163,-0.00960286734982674
0.0170432331621555,-0.0585091285495878,0.0038211172797844,-0.0159701731821542,-0.0209540696933175,0.343567108158879
-0.0148740119474553,-0.0287060528862924,-0.00567181751051749,0.0157953647991462,-0.00307210234703348,-0.0124162922475648
0.0299149291771528,0.00350559539148776,-0.0247757877853019,0.0260199824018912,0.0277583165415081,-0.00484527997019768
