-0.632636516730102,-0.985801094700719,0.0330496728913943,-0.670792717632267,-1.28381809082214,-0.617712142773229
-0.0467806409037479,-0.57083920509757,-0.151809268445632,0.09407475789925,0.0387646609697754,-0.256686133945607
-0.210617092301476,0.0698983133672755,-0.407865021394798,-0.299454891521648,-0.339264170270155,-0.297406376790732
0.363795058432444,0.175813751493536,-0.122398313899978,-0.277572265000217,-0.343750554772768,-0.0773244813633767
0.0228301912001427,-0.0289655648565486,-0.0154608725450913,0.453207475369609,0.0313665772227125,-0.0385742223896557
0.523998386172863,0.387354788230098,0.17566062667963,-0.127272980631176,0.458831317290887,0.615534509355584
0.540592686559862,0.667095742219374,0.187026347151587,0.461809713992864,-0.233681654266704,0.514377577729675
-0.147302927550072,-0.729486683379207,0.0661379730403269,-0.141628775896578,0.391560513728265,-0.287325763099318
0.158556264403359,-0.763000781042351,-0.892485065153807,-0.89405395026607,-0.881473100150743,-0.824932157253926
0.378649469891059,0.434009679604259,-0.252597733301869,-0.316983927032439,-0.184854830915839,-0.295542430306497
-0.425784736078072,-0.237400640787115,-0.175619569725967,0.107071754829519,0.380112506572942,-0.53233400961382
-0.160442862186372,0.352180054772688,0.338054815441012,-0.193273173224455,-0.111458133002344,-0.353174058494957
0.397753967029686,1.0803007451387,0.897115101415253,0.910101830603026,0.162472417072578,0.289897321860821
-0.183634130811654,-0.245613187197165,-0.0349124606679538,-0.698625479802971,-0.237124071178982,0.147843965390365
-0.28746541780697,-0.649710492732353,-0.856508357594706,0.0238811589997852,-0.124235066773053,0.114244827688722
-0.0996357496012337,0.135053617700763,-0.942884562161538,-0.165327324614623,-0.351299282805996,-0.685764763253701
1.50072261928611,1.13171139845211,1.06977393105208,0.969357321850751,1.58080300415357,0.979339949941576
-1.24194764157954,-0.956852425885742,-0.448261786288512,-0.710817976814312,-1.17937328699082,-1.08289151771538
-0.0103672933012717,0.753082484389694,0.800697394281769,0.490166559187273,0.720249759924599,-0.0620403648243126
-0.613098360076208,-0.884584198257969,-0.842693120830717,-0.385200414888686,-0.7085987070882,-0.716790409204904
-0.533772349960032,0.152941647695542,0.442105734597178,-0.139875875006481,0.186810440841256,0.705751908692946
-0.588626076878796,0.0172810291443994,-0.147692424128792,-1.51383012593755,-0.228882152742969,-0.321186847198334
-0.89402381097841,-1.14295165843903,-0.982490623721858,-0.660904832280806,-1.10716288546597,-0.517037850541314
0.616145230968598,0.214397197906194,0.285556723043868,-0.968849897517416,-0.683484057654795,-0.705381582657424
0.368555765554959,0.558903217700234,0.576678534373968,0.406126876551696,0.512280565530659,0.51343233484512
0.774861572751149,0.821915446177229,0.00371834636155199,-0.400852980233523,-0.503876213742458,-0.088671258367242
0.664140782145552,0.265064147212698,-0.231497221970457,0.238946539763376,0.088248642504027,-0.433471876756315
0.672705343070916,1.21897037982806,0.736045093090596,0.917857614058931,0.839994647990707,0.78061630931137
-0.96186470600027,-1.53245315012144,-0.856664258698672,-0.711127494216186,-0.445519613710019,-0.74007274007117
-0.304934865881535,-0.248516106544002,-1.24975031327166,-0.320673484953431,-0.0407182114572748,-0.715223969650793
0.578167975878372,0.917321720424908,0.276930802407051,-0.16729298311256,-0.00573290499839629,0.427698525634298
-0.0253762746695401,-0.601365977144624,-0.165432616717808,0.0222732727609554,0.528444881951771,-0.469872361891575
0.12357115367702,-0.0859657344395259,0.0683868365749021,0.0597180264869195,0.926133499888962,1.46588891667862
0.125915033291349,0.313090827024723,-0.333140446231113,-0.068572213434237,-0.219561919159446,0.30415953055136
1.09928251494773,1.27074464078763,0.717874317399577,1.25598557267618,-0.0278485460065667,1.56099692171334
0.48493529600978,0.118652158968814,0.330455709849929,0.605637711269353,0.13595309810475,0.373935171548169
0.496010868642301,0.124784821888454,-0.219754213191493,-0.462714626892506,0.620522617529531,-0.82605467880208
-0.377177000983664,0.233055628492764,0.763764309525158,0.28041179811926,0.317801073909706,-0.269992857042482
0.31728955070578,0.142113428719341,0.290465442111724,0.486969505134496,0.0581880285578791,0.140875532122337
-1.28648332684703,-0.440921940628755,-0.311637680021718,-0.903186673414979,-0.661315596019435,-0.505884491195758
0.743017720041451,0.139328557943884,-0.0333359038812659,-0.111659108564538,-0.261274682138591,-0.309579288708832
-0.0105188921254467,0.171336814909367,0.316737760128348,0.346255260920927,-0.0469317552711459,0.631042095750601
-0.448736721586911,-0.31208173333944,0.185564285832342,-0.627555776323291,0.276216334600122,-0.774409997938506
-0.428250794221128,-0.287752157649365,-0.0342181037372029,-0.509591264420976,-0.431822799626289,-0.428919752494167
-0.65449955237996,-0.162147191038628,0.347142557961348,-0.0659425459321312,0.181647551756072,-0.799762450858736
0.0234616500190157,-0.442152867036057,-0.287447850078223,-0.551673101448998,0.523606687840086,-0.00410441331639788
0.236558600519459,-0.47082599518599,-0.903957348484738,-0.0101702445289931,-0.370183654384078,0.199666348843351
-0.341978131974187,-0.728861138242451,-1.49999974034387,-1.25552550844881,-0.623801594750219,-0.0574754960693298
-0.289079340869577,-0.536090255864153,-0.517850783259377,-0.273324791404647,-0.477711371938696,-0.466773821425136
0.153253469420889,-0.222250149634178,0.523474647083788,0.243594137136199,-0.294002642598542,0.269901933795708
0.20475794198471,0.0845494312608963,0.387001863751848,0.335982628212236,0.569858617446329,0.171215771721066
0.235436910364342,-0.0809951899089327,-0.302593406084739,-0.0628252033624506,-0.86295397239958,0.0233540894129618
0.677520835353278,0.608395964249112,0.220057987217118,0.140036615011113,0.320291494756006,0.119414640309174
-0.659906709843099,-1.34722387895825,-1.00604507005717,-0.919844456202071,-0.838513006056331,-0.464732551418905
-0.552883259507411,-0.305647593263004,-0.553956916672234,-0.33010549766675,-0.0560594165428085,-0.55975718652661
-0.490437519699796,-0.391652151999082,-0.714306742792317,-0.453209518657431,-0.572021235273809,-0.48920944977651
0.0153312026488948,0.0794737778218746,0.153727329099027,0.0117656277753326,0.100549006060845,-0.000872042055519273
-0.0302372505723127,-0.0364837963875715,0.0324940892165131,0.003342351389648,-0.0547780895339116,0.0365553896332926
-0.0779150524454337,-0.0888387292934993,-0.0233156057727655,0.0527509465681533,-0.112580673804231,-0.0515312486019752
0.0499894597707851,0.0856697070434933,0.0596958046295128,0.0495599692701916,0.089556125831308,0.0388114669008672
-0.092725532576921,0.059297374684121,0.186370478975618,0.206183525555048,0.0612873974735493,0.157427532619849
0.10386198149746,0.023368934743516,0.161921224893405,0.0632708383217135,0.104226969523992,0.0890972705812061
-0.00510036226316402,0.00389720610284883,-0.0389067493028392,0.0257126192330617,-0.0271286785256137,-0.0669640167382823
-0.153896288651168,-0.12738674715213,-0.149768884572794,-0.181620028419474,-0.0227693415253754,-0.255464338677967
-0.116909376340089,-0.0260640469473827,0.0728042812895495,0.0582641318405166,-0.0197863097130551,0.044356849515566
0.156413673990926,-0.350479318368528,-0.337795739543154,-0.383411382936472,-0.166579878153982,-0.0606466664832084
-0.172653721067064,-0.169357488634546,-0.127973275346719,-0.357290026701207,-0.308431972939815,-0.394614593970104
-0.0446835482127454,0.00899905311374027,-0.0798454822139973,-0.0665401010117108,0.0135032409929039,-0.024761919914198
-0.153467159424196,-0.027132941343865,-0.0925094626267651,-0.123833614035945,-0.0957157636314463,-0.136794357018132
-0.0101255640435625,-0.0491274173439677,-0.050012114289018,-0.0552359754810965,0.00361629046098244,0.0136587687157999
0.0761342680382739,0.116250579996546,0.0267185629729738,-0.0557957576987604,-0.0276003937794229,0.0387673477975881
-0.00684837235264979,-0.0207644039618486,0.016889590534916,-0.0302047893652571,-0.024344027601316,-0.0274424333030368
0.00592809936702565,0.0474880797799528,-0.0131581568646766,0.0139813127334207,0.13540645135096,0.05804747430129
-0.0096170106018576,0.200781751627503,0.0705850407525332,0.0186152330508236,0.0629597949031506,0.0930952319802714
-0.00176342652584083,0.22973413658633,-0.1294923658389,-0.179518109331241,-0.182828669367694,-0.126634976358474
-0.00700488444525149,-0.0426899378508807,0.113940930236325,0.270205519357248,-0.095852369578509,0.125390801349198
0.182025937925346,0.137234011265079,0.0345046563204221,0.143757441185826,-0.105218972768768,0.128406215342892
-0.750507729295123,-0.345068000249668,-0.325757781446939,-0.70638134007568,-0.798724376934487,-0.784919084827735
-0.0622523985696546,-0.0917257378647065,-0.0944881019918142,-0.111482449290648,-0.0845108797618366,-0.138721038408889
-0.169845937903133,-0.0824672933581638,-0.0808668542897948,-0.0952582408641263,-0.172578696971684,-0.131843180808332
-0.0102226928795091,-0.0277179813354422,0.0413491045927827,0.0182748309911887,-0.0736067842809263,-0.00420282112386872
-0.071784126223605,-0.0229131853477327,-0.0200820034271487,0.000876284142648842,-0.0116885434233467,-0.030689807764773
0.235133622505771,0.220940226542936,0.199815847240956,0.150250353360278,0.204414406986743,0.183730922111678
0.111885347996946,0.00147382965842269,0.159227448154397,0.120813961397445,0.0422460540756333,-0.0136802957195528
0.0898240692958012,-0.0105503803057587,0.0406652886139085,0.0706021606452509,0.0477936063767714,0.166436682804402
0.059853844774679,-0.0623453969160437,-0.0394914346236845,0.0254270391489086,-0.0601894738551323,-0.00282133582149413
0.0838750703101709,0.102320622142216,0.0653515399021813,0.0137295661128576,0.062862903148087,0.0929181485670796
-0.14241456314663,-0.00914016675999108,-0.139898683855165,-0.0214651516246533,-0.118158614891883,0.10455850403001
-0.131759070251107,-0.226568172290669,-0.210066560022852,-0.0614258776399623,-0.07583470027987,0.0707817822631114
-0.246404957088117,0.106051294876522,0.0816108888312499,-0.0477332389505705,0.0266058712937678,-0.0753929931496629
-0.128238681796049,-0.0567099301505039,0.310128866009862,-0.0938968683607158,-0.00710754479705145,-0.296173688463625
0.291713926888448,0.291552279561685,0.41353443397513,0.431523260153753,0.320957470143398,0.0297991613411028
0.42196597608411,0.774939959101616,0.535624469208841,0.400348665603616,-0.0218362944951167,0.537757990969268
0.358811917159585,-0.131044853215656,0.063750215508847,0.251840262256167,-1.03390335886795,0.17133791732941
-0.532280081450281,0.163097687598608,-0.214254756728494,0.805840900605332,0.39061184820109,-0.157212648681579
0.319431419322299,0.109611511964289,0.272228513869678,0.353472200715231,0.213402877650736,0.668221350550212
-0.203823141139253,-0.208507159071885,0.111350085954427,-0.304535703414146,-0.199782628892194,-1.0886370899826
-0.281166797504355,0.229950539973331,-0.097659010854386,-0.126295865467981,0.0313627832582455,-0.133306270870449
0.472069098973392,-0.037363325760154,0.242856119188687,0.148730826240097,-0.111374636114775,-0.129909950304238
0.0330105822297639,-0.30270075468303,-1.01701263567126,-0.362854392441406,-0.62466627316924,-0.20632223904353
-0.461443392159254,-0.68899675763268,-1.05910905431563,-0.747940417624974,-0.708402462465642,-0.495320600581366
0.198228811782243,-0.16361713932659,0.203592482681699,-0.10402787381166,0.0887888287669085,-0.235770290722968
0.544085272252218,0.352603681412475,0.544465051291596,0.742597070529058,0.416475690811268,0.523246770402466
-0.183135616193553,0.297253970001208,0.174884562870275,-0.20255705403352,0.233694327051083,0.34883687875319
-0.0440665241456344,-0.0160188672448527,-0.0579212970411476,0.169786032055896,-0.458360448574666,-0.154584983668698
-0.666302503110686,-0.303294265623308,0.0356248180334831,-0.141055864441583,-0.224381366040149,-0.112435247949477
0.144198107238978,-0.0077610124241545,-0.192374110435139,0.172692916748403,-0.0922926023715434,0.17539952701614
-0.142478207693799,0.164313299212679,0.223584960084452,-0.174792395417413,0.0135705121393954,-0.0428157958839961
0.129342716017504,0.0224615105873482,0.309226198607078,0.267017052946642,0.094969069533505,0.267981300381223
-0.566834223851615,-0.411539782333293,-0.227292373804971,-0.489286506246842,-0.629048543750628,-0.638437047986358
0.216233506270939,0.361574107083797,0.756516798068091,0.408284591848698,0.475447589456593,-0.0480136977636221
-0.597211545286569,-0.0825400184625522,0.411603732464172,0.17010368457845,-0.0680877607292985,-0.076667236051847
0.0626462834126187,-0.0696849461371443,0.301323986421039,-0.348018312711275,0.128313588678196,0.000464665537919018
0.678062041752909,-0.248946446041202,0.575366297449705,0.0537821314710811,0.462259970166926,-0.094409683029923
0.3813582694915,0.348875233326055,0.504639698722968,0.196883613914949,0.811337107682462,0.526642739693955
0.782403470572746,0.558935296764417,0.569274458736444,1.3474276712122,0.881680484558942,0.997033629019143
-0.212830595624538,0.298264752495982,0.471168957108986,-0.000633549929816013,-0.103303888756201,0.343108934938584
0.54603176750615,0.653541404800919,0.639797749567876,-0.103170139957967,0.956743387255557,1.20227753088037
0.0932483880245769,-0.0187892964895298,-0.0110287760511483,0.193258985327162,0.0930861665092664,0.670559661041651
-0.64677891341718,-0.628436091923845,-0.675140250151003,-0.291970190806325,-0.636496805593737,-0.538185561354211
-0.472836106486028,-0.322257277608287,-0.343652917169806,-0.390287040373522,-0.338587312004037,-0.475655302794635
-0.396362568364836,0.13141009439326,0.213083894529831,0.235831310527857,-0.070680918967966,0.650307516760478
0.422205106737323,-0.649252837994425,-0.0212141433066364,0.532671448131381,0.0408520332144349,0.0989931729822473
-0.442051237071198,-0.62390169185511,-0.839300173977449,-0.924182800353918,-1.27873260693465,-0.632989719462032
-0.293946127499169,-0.116936368146412,0.0231513952913502,-0.174141891531718,0.848957114119926,-0.206651604609931
0.397214037314427,0.184850932308549,-0.273793757605674,-0.483788138029738,-0.477929982629462,-0.887437888373853
-0.908937650611591,-0.776658138367623,-1.01723209101561,-1.41868848877341,-1.34441909162841,-0.102703749175902
0.711144990780511,0.239170126695313,0.591643325180158,0.19947602472844,0.568455188728365,0.246414473083149
0.086522098259465,0.318681227355825,-0.000241916196614511,0.363121232694681,-0.241750835510743,-0.0771800500325099
0.555042104640833,0.363018591444288,0.946318496403393,0.129123975339184,0.106508918972565,-0.0313157729100766
0.0911488444560717,0.1181520556339,0.105346413412775,0.325565435952143,0.502869273697485,0.404292852180944
-0.589280130833643,-0.205499947031328,-0.863477935629874,-1.34417524643526,-0.112590045894123,-0.663142987220027
-0.511794645741602,-0.710340751609934,-0.282926063332582,-0.260646934161585,-0.12839203759512,-1.17133193848028
-0.380400448296598,0.020777276999624,-0.523675368507256,-0.275207154414417,-1.14802082352385,0.192091187450188
0.415528278326875,-0.122502895221231,-0.344726980209288,0.51111878540668,-0.00658422603315501,-0.0436644286448598
0.290950536572296,0.659409000075712,1.1814182618193,0.107650156842212,-0.267458532457326,0.837649567884924
1.38933155647662,0.813634381276799,1.30529158261874,1.04084980015244,0.839837904983924,0.474369385867163
0.848834648324384,-0.323629133005795,0.398471687708238,0.727565404687098,0.579316133331162,-0.0614368704291905
0.322241330256503,1.19358390183407,1.39958898994486,0.398536653455949,1.19766883260714,0.572142830893483
-0.0109100850635144,-0.0925301282814672,-0.602399769673767,0.376828848519409,-0.0525076066695078,-1.1963709708259
-0.618106154939952,-0.886737999149858,-0.850577084738873,-1.14038521413759,-0.345330239908705,-0.759214534771857
-0.764707159290751,-0.773589457725635,-0.753027683050732,-0.861200572773512,-0.62028165467504,-0.0643759559467583
0.903294365634409,0.129907907062289,0.628607435562685,0.790498859384755,0.651865240750794,0.529772432170802
-0.157034989940087,-0.206158477374217,-0.46037276210356,-0.280218621560792,0.0369845016807631,-0.0550007223507691
-0.149403919737679,-0.545558928565342,-0.494978791825233,-0.759346812143406,-0.766250073089978,-0.125231449339537
0.272139809100167,0.0265367351608603,-0.28364021642237,-0.475793957286157,0.0978658683288245,-0.162641075326405
0.57358985256306,-0.580360320070909,-0.478024686232402,0.344021858513145,0.0264770086780288,0.437729664198173
-0.916126744231889,-0.0746064191663294,-0.594838612694858,0.364083700850713,-0.0790287846293154,-0.231906800967153
0.342298593620683,0.336278235204659,0.0523068743496111,-0.0802636601222559,-0.819638036597382,0.73330399130397
-0.214576358875135,0.0589892351875818,-0.477734136957352,-0.0983889865695318,-0.0527393641482234,-0.469682845456717
-0.593486283403109,-0.561345797195315,0.109335426743499,-0.840299939492198,-0.483206455419648,-0.679495849847086
1.0839991381263,0.614590815752805,0.431111943264426,0.574384283220695,-0.0687767649700248,0.588637659304382
0.529751378561983,0.495640202149374,0.759445510631309,0.259849085675071,0.740475663952139,0.112555851070084
-0.0158788016092615,0.491946834849017,0.0845020940675596,0.567277001826838,0.613216804054574,0.208893688328672
0.783821611450691,0.630768294697702,0.502604908127438,-0.156928015869411,0.76310057631747,0.134328622650585
1.41958658594544,1.04515726503257,1.16614670287989,1.07893649315193,0.962480154736184,1.51972798625449
0.924899800497329,1.16893642286455,0.503498611466,1.1384204484404,0.847219047275544,0.765484589814378
0.29323537183619,-0.110421730554933,0.115957334896834,0.854095263115298,0.739386584666306,0.0480165712675813
-1.00378180482917,-0.45898999326495,-0.771488214959888,-1.51642071032168,-0.490242575458822,-0.429758813373624
0.56559269996113,-0.220300752936794,0.350291251196722,0.432776842276439,-0.332694463931659,0.886877307784246
0.41575655045007,0.296563853978029,0.611740533268431,0.158229374254816,-0.4187502043481,0.394121401088569
0.661380828468424,0.692054234114195,-0.0305816132702148,-0.18874138311449,0.168535600273131,0.994793934159162
-0.0181375753408304,-0.174645247199251,0.689011021745785,0.737439529741621,0.986086358189425,0.774858652392794
-0.373958395236343,0.0291036929163937,-1.61377830853942,-0.91278802173413,0.238434448958046,-0.721662119831279
0.674837392646197,0.706036989499367,1.11943022659906,-0.336788544592196,0.699949075991015,0.603948830889266
1.22020867049621,2.06921699830431,0.622024167871714,1.29658917382716,1.14413758772024,1.54513445740803
0.530690909153293,-1.66428892026438,-1.33199837191388,0.239881339715751,-0.0673721631564348,1.42124032598088
-0.0613252549436396,-3.91022149118494,-1.59031532322496,-1.89537815019666,-1.42889846983566,-1.06332166441076
0.0661416656249969,1.01965165874466,1.08505225952803,-1.71086758603654,-0.654454518642353,-1.20436267509271
-0.451191831721417,-0.369893313633483,1.03412467411412,-0.860583998796088,0.759317011058357,-0.168241472162393
-1.5167175399712,-1.74560453975441,-2.49986394004291,-1.45406416184491,-1.88721534313088,-0.857356650759243
1.12738921665613,1.83366695034954,0.710629522312175,2.14954325145118,-0.577764135000635,1.40689622811207
-1.59458412073663,0.498586650823668,-2.95915750675894,0.320524093037406,-1.6093616128808,-0.20398834556913
-1.3538291909518,0.0599072280905517,0.345836576254882,-0.283264224067921,-0.718043491479051,-0.00403613737995556
-0.975744312656133,-1.20858732038567,-1.50301390724997,-1.50360219115792,-0.860917578379372,-0.690840501510507
-0.389628750169948,0.341700808335432,1.40866417908288,-0.345494000037533,-0.981596318920353,-0.176027746994976
-0.596946222427079,-0.832893720349063,-0.649825085907551,0.281797431171555,-0.120735521317727,-1.60964509878137
0.0422341324751585,-0.259227363641486,-1.25402328146221,-0.0589587106941281,1.01333413501224,1.03924986060653
1.98531767025223,2.53574222513707,1.64944945168583,2.66153742190667,1.75918140510184,2.05624643821919
0.953090663733846,3.36060598309794,1.43051504100953,2.63259034920947,1.40326823968758,2.48774825399258
0.996871871164515,5.27483608324098,8.32692378651269,6.18272356854703,7.69975658641441,8.13710765772741
0.404897219894309,-1.02477882539421,0.485774502091147,1.73132519361644,0.558377501393977,0.991227566243481
0.25218205730252,0.294654514654269,-1.79177690111575,-1.38937406761676,-2.06683882199499,0.0890008836514937
0.750648930778283,0.307678833687447,1.9716538671839,2.66225041635622,-1.47377141858763,-0.501523224077715
0.278317541346297,-0.805151394089194,-2.81661257996657,0.446822998517149,0.394179241452861,1.9876410529354
0.555045157852817,-1.71516466163945,-1.30028093950813,-1.56513043395108,-0.0448226013438102,-0.572561030724046
-0.341701744240964,0.212802272970578,2.00504048211258,-0.12914833621636,-1.18500348566948,-1.45614383132659
-0.649738136040185,0.0781503020831735,-0.92723306993355,-0.623304134140653,-1.19581701582558,-0.410524397998302
1.4908713979882,-1.65052681527618,-2.75825698950092,-0.599596105838827,-2.97211157776681,-0.163116890931434
0.0795912159862837,-0.810593836766884,0.427966219582174,1.15130113843412,2.39791094080346,2.39417907684037
-0.152403747878083,0.193868652773887,1.4288008454925,0.588575777875263,-0.774794555364423,2.92434698215217
-0.714978363521311,0.775191762294355,0.0661282028829646,-0.617817204341208,1.88639866580286,-3.15902769564846
-1.86636346093252,0.490847909788329,0.284879129726505,-1.95235864092243,0.0252081618098146,-3.04648671523114
-1.67616720594668,-3.38699259007751,0.215768598046623,0.284829971477791,-3.09361051128798,-4.08683536882779
-2.49149802089556,-1.37620907627894,-4.43774623280234,-2.21444540564491,-2.72074528971478,-1.76490877761313
2.94861347132994,0.711667410638,-0.755593460568065,1.3740480129583,-0.772581148824827,1.21045145629174
-0.477143488942801,1.57000951340402,0.993915845686587,2.37486490530839,4.8423954011395,-0.855614508357718
1.96338201169667,2.39069122186839,0.786272059647644,1.96738325889854,0.510790765461081,1.2297838117438
-0.278381118736974,1.73095190441038,1.16758087257247,-0.839816555135855,1.47579392635294,-0.219288460909013
3.06338594433498,1.31850996751297,1.95333381883358,3.34324036823125,1.64799135982167,2.32331463036516
-2.39231500898524,-2.73827469548846,-4.70749173913103,-0.179970988031101,0.965540881736672,-4.14106613633004
0.660790803409412,0.986366389742159,2.24077221213707,1.03303739725905,2.09213232641977,1.84857597183648
-0.408723686060739,0.954281569947028,-0.20571591153896,-0.699961023637854,1.55765127597078,-0.686865784184022
-0.971823220635002,-0.718888275912974,-0.884597212416509,-0.385728597806036,-0.000407250104643708,1.69536131885414
-0.776400442447141,-2.80180674080364,0.0441426464228982,-1.17637484854103,-1.311025956175,-2.66639040642471
-2.02457113951903,-0.231146717906995,-4.04570497234042,-2.84119195146363,-0.698824147802924,-0.966673262535465
-0.791646159506513,0.13337987413945,-0.848285545270585,0.208423998090296,-0.222714066009047,1.35985650932676
0.537734430018219,1.12934431142483,0.921517644304089,-0.472078671269031,2.01028308323103,0.59276031248325
-0.0476744961077884,-0.459028275935111,-0.297688585244657,0.103381382708136,-1.32795723520741,-1.84956568099011
2.54078878551172,0.502661857695728,2.43603598988176,3.76021678222568,2.05682196662536,3.05493553783492
-1.34938588749139,0.284280736233427,-1.67470336716491,-0.754975802894194,0.314753562445958,-0.98071603167358
0.199766494654767,0.96665606542939,0.603754942556975,-2.94589956339482,-2.45752983356084,0.637247804408162
-0.976107004804788,-1.62712057804825,-0.636578269063676,-0.119611784880959,1.06946216734795,1.42429229372007
-0.00214046104170507,-0.69165920564501,0.602577748066949,1.277896223791,-0.511132379010292,0.806405924469118
5.35520404430281,3.13013443269813,5.99057000401245,0.863258192894932,5.19582588709216,2.44403651846116
0.996212995122107,-0.04132141143225,-0.796210303729765,-0.234871815211363,1.62793465401251,-0.410765686233049
-0.407698401994878,-0.0882018733432801,-0.741145545290493,-1.35222139715074,1.57239686866205,0.496569723974687
0.948283240573431,2.07163335899611,2.84727060792324,1.45580824571033,-0.788268174512609,-0.667706917953012
2.66974547882933,0.389442867296509,0.848168370944933,2.51272214591728,0.379993076667176,1.90587611308825
0.543398286023177,-1.22163725232582,-1.17242968257369,-4.16793430621573,-0.718454832578345,-1.36444829798808
-1.77453612177351,-1.81110958953602,1.7931085852631,-2.33739971636436,-2.78422893896013,0.348996170399346
2.231449505162,1.1555868753978,1.26178939000934,-1.27050498875045,1.4395015721224,-1.51599870408197
-3.52895750767061,-3.27744034133698,-3.0331978974408,-3.50322416537742,-0.383494211013129,-2.0951334137138
0.81517843660211,-3.59702167510588,-3.61697329012517,-1.90783055060157,-1.14668159854236,-0.848363761047125
3.15013268862629,1.66972648289993,-2.57233615347747,3.16208279052466,1.71745811809257,1.32336851081732
1.89141177641349,1.36095830961762,-0.382795331148401,0.491864515076287,0.777445290631562,2.08849657924858
4.00908584186692,2.88551749064661,2.65940972691047,2.60471034808751,5.05609091193924,0.0457000538491172
0.745107956654351,1.66252559254843,-2.22254676220317,-1.02474699596797,-1.09005385824082,1.66329464578988
-0.202858349877317,-1.93890739920499,0.421794480209542,-3.06708609035559,0.123070442700339,0.265275799451871
2.27151350773732,0.469683749086016,-0.447107655221629,0.177496678745626,-0.95727353241341,0.929106815180603
-3.77089755117078,-1.76964835022275,-1.82668817168403,-0.730510952319122,-4.4221724657493,-1.90938367428643
-0.604536412233585,0.83471428593586,1.23286710992076,0.92113379021535,-0.196835105150569,-0.704941104440678
0.918787324724889,-1.28509868347069,1.98393101209243,0.0120074625949087,-2.37787939884399,0.0837002071984614
0.774698225398765,-2.7117775181932,0.722810610496651,-1.34342592269036,-2.69412495020867,-2.3105744440017
-4.8985623939252,-2.13937594979387,-3.55548812906613,-2.79013171577009,-5.79077531469107,-4.70327501576045
0.845183353104801,1.63322566823999,-0.313274976724443,0.701075017053171,0.0555855976926978,-0.0850828973987063
-1.89747166587796,-2.78534384909062,-0.414146045150062,-5.72145365588116,-3.63686491013337,-0.953576356753842
-1.84933538499439,0.643725329940281,-0.179577147736353,-0.69439024907382,0.847189831850102,-2.81306650501628
1.59714958600236,-2.93944649714101,0.550051109062082,-0.677429323672897,-0.568539063472485,-0.613269517243424
2.66671337917236,2.44098069113372,1.26845094939952,4.57068796593956,1.13827992629902,4.31659271250962
-0.734417538342285,-1.91722791333933,-1.23391320935616,-3.10220538331401,-1.84587421451127,0.953630084939789
4.2962647722716,-1.60563062385395,1.95547874883417,3.65226852373743,2.5114154898547,1.00486358891246
2.66036403899076,1.02264907291675,1.22221121693048,-0.56731136297131,0.876478172632119,2.25686193198567
1.22326817182636,0.517045786511176,1.5250682822757,2.64309501972116,3.75703432263657,0.700930565738417
0.024450159394604,-1.25541857720233,0.48387752997985,0.18740096311106,1.75485751554641,2.39459545266016
-3.49195456159532,-1.18836638683524,-3.8558018240588,-2.11923421002885,-1.94730739610554,-2.31750604323523
-0.89734805909643,0.445210611302457,-0.238015220216198,-0.0277755886287139,-2.34830390595272,-1.29990789649696
2.02713205006188,0.461992987054316,0.349340916466417,-0.0823611378211808,-0.131141196267436,1.55803853308254
-1.74905012941375,1.012615552326,1.77258609832998,0.776571525879405,0.150145845517784,4.27648841858519
-1.58301779755271,-1.44098827503694,1.5026667234724,-0.909919643977531,-1.74867063902704,-3.92172614403157
0.637871795172202,-0.507313790667865,0.63008609524536,-0.217130296301832,-2.42329960948533,-2.32824583686408
0.0156590282495586,-1.43934010684742,0.498834424555497,1.49027746647474,2.64346960398075,-0.512192922358452
3.64347274936785,1.46041116802351,2.39340655551374,2.6126094425949,0.516794690601444,-0.835480217575764
2.57080893890281,0.742306124587969,4.20867843643538,-0.327430196146906,-0.183611862720539,1.0234222109965
-0.492601053295033,-0.633939176640496,1.18939248953714,-1.45302841829061,0.163495144702068,0.765781772528356
1.48572365397268,0.36097469283888,1.62425617816024,0.658717951408278,0.301627000616946,2.80154491722803
0.00610265913863373,1.37716222517355,2.02538861224366,2.86462752823587,0.303948341323718,2.04364320850499
1.6149030386137,-1.40358085289623,0.547467867840453,2.04071552031979,1.21354208188473,0.757989998754169
4.57463807611262,1.86602767792749,3.24559369965277,1.58398279480349,1.16117681911049,1.69576597348021
-0.174125835914509,-0.308891917055092,-0.137112458393801,1.11819354377712,0.529897332551684,0.520196293314967
0.174712024006652,2.211960227383,1.22681700687323,0.664348965445413,0.856426325683316,-0.516909801215974
-0.491234091735635,2.18185777162557,1.15063423944113,1.52028286356739,-1.59840282527108,0.908853232685203
-1.48691058560695,-2.76412533372499,-2.1537737949958,0.368650591001426,-3.65782671065028,1.48469236869579
3.38004625861691,2.57211603496589,1.18840092338979,1.93659000879427,-1.15087581099391,0.638255323606444
2.54111381604616,2.22155680216051,3.02056120348485,2.02749849346284,0.703956963415408,1.56835239427502
3.80339628985632,1.41515746824362,2.61016828972708,3.55365967712396,1.91385284744604,1.14073424409202
1.86717916630332,0.916955750833324,0.716490752816355,1.87668796259237,0.471447861811953,1.76655889853924
1.87648047384371,1.62095583411966,0.518723801377774,-0.851359967169884,1.47580293552133,3.75665716550802
-1.26678662241261,-0.374045759152608,-1.79747798281034,0.776884330272566,1.12859681869421,3.5007133462739
-0.0791146738007455,-0.946286172745317,-0.0744749492189101,-0.156356653407556,-0.230896985012123,-0.237980478140656
-0.900203574694956,0.159564031466743,-1.60229689732034,1.17876397390643,1.1607140515153,0.230775856418575
-4.26138674771374,-0.580669866238281,-1.30374690436372,-4.71775807311525,-2.65758191858185,-1.54038027761746
2.35682345232945,2.94848020036818,5.49560223546698,3.09769904192351,2.5299765394935,2.70229624744834
-1.92109009155371,-1.46807866722702,0.374342887438956,-0.348457750619502,-1.42064725899806,-1.07378314176805
-1.88957501846127,-1.60978722426788,-0.437629077016197,-1.15206892891285,-2.1344038799331,-2.04654709265577
-2.68416387542746,-2.84280913032208,-0.730118216615608,-1.53539937113484,-0.840158560073377,-1.69487147963758
-1.76610717539597,0.566697293413426,-1.3277473989076,-1.14419836101223,0.866954389534015,1.87551587983859
1.39590471298902,1.73719660634509,1.57171477438925,2.4326710497952,1.49046875546782,-0.176561373380991
-0.793149854380772,0.919774932301095,-0.325143981649262,1.10910856218942,-0.650160240831752,1.7242311951693
0.185960077835574,1.75741653158144,-0.856497327530832,-0.579102645097834,-0.318416818196596,0.58198607810823
-0.338287513295228,-4.8069189891153,-3.81838497420213,-3.45273438967456,-0.304147518562331,-1.45147712159536
-2.48647059190967,-2.4765267157168,0.119718724650454,-2.06247872774418,-1.68695173580116,-4.61090074467319
-0.51992766281586,-0.802606613137442,0.595827174617511,-0.804205672873053,-0.667049961450203,-0.475141868716122
-0.46044935983258,0.934453228517953,-2.339929165755,-1.6587433142227,0.824225324741747,0.0190920079796228
-2.04163156877951,-1.75108879729737,-0.113671632034738,-0.663181041938174,-1.01995219128884,0.618921249247194
-0.699346607284468,-0.490540349790791,-0.191496932664563,-2.23736889761693,-1.28004041285632,0.157863448395176
-2.16527858338279,-0.660336108917306,0.253006259868755,1.44541444074366,1.92912211939949,1.64349279077317
-0.601583757956377,-1.173753643738,-0.153150002928527,1.28403249979115,-1.48006134725605,0.439077681286506
1.29589116313002,3.36480662914474,1.82416834498923,1.66086836837678,3.31073853043949,2.66730673359694
-0.716314394153187,0.64695902936694,-1.78647975958842,1.24099515654586,-1.08760677945506,-1.21380495897705
-1.57377136732606,0.153349539947413,0.055624039352665,2.74484462862227,1.01652224781151,0.727024604828841
1.05713941172476,1.04726399352398,1.40257843577865,1.22806781698992,-0.909301839400115,2.09580858172251
-2.67147431015479,-0.368188832743726,1.59496618141321,-2.70580599560685,0.959594503116762,1.15370671065091
-0.0412016180746377,-0.953539455163337,1.18176534883571,1.43367059521267,1.64999195111341,1.41446694249609
3.12034609260544,-1.33241756521105,0.490714748687935,-1.8855632356794,-1.84129991721136,-0.718020711220561
-2.77011432388517,-3.66128484300327,-1.58669442954286,0.171079780317029,-3.80448199692995,-4.27622600306105
-0.507070896287587,-0.404038048274941,-0.910623159756057,-0.537024887550587,-0.371455639005006,-1.1284292515688
0.808759536990181,2.56914935177582,-1.79025991925602,-0.0180961973194087,-2.657100285133,-1.26943257102783
2.74947533443699,3.13923371321079,0.00788312002947578,1.64729569548678,4.01563059544202,3.66582276310118
-5.13328792636074,4.93986468127068,-1.01817135324572,-0.339914223960562,0.26258515023855,-2.37854439647728
-2.1618980075682,-0.712223732226903,-0.639875475738251,-1.74764676852661,0.0623510468916493,-1.38338241251097
-0.715235247855674,1.0104441661706,1.76123744176073,1.5158476311239,0.0190309595130884,1.76266604272962
2.0531589589342,-1.36319725761732,0.1914618285914,-0.968102248345588,2.02066924167923,0.632874177582551
-2.51118832729102,0.269662988546486,-0.523097354220567,-0.637776055230404,1.58703935598479,-0.50985293472354
1.63179759244932,0.185568427605801,0.117871606731825,0.138652609785396,-0.640069242104516,1.24174480433373
1.52615049934431,4.62665813469661,3.69175932968861,0.863866365502389,3.5626372679028,1.68922998614417
-3.04314174446051,-3.02067986224429,0.755532179707558,-2.87726199263426,-0.495689653323609,1.65257065263756
0.801233577963501,-2.53252045751279,-1.67472926822248,-2.28975483761639,-3.79885848873866,-0.633711121430878
1.10120941520461,0.665467808542132,1.29133132691146,0.515929442022184,3.18302770827722,-0.334671293807247
3.08122172515522,-1.17073448034628,1.84831513881969,1.1733557776555,1.81365628120255,2.27565923392592
0.166624129000468,-0.901230840472863,-2.04327371013272,-0.471980808255182,-1.17989454159755,-0.976553019847813
1.52720069474708,-0.404485092908772,-0.0693454307403556,0.399555952800824,-1.3365316029458,0.180177312984313
1.76199206795221,-1.01920622917405,2.57080305933655,2.48721260994873,-0.0837595580028392,2.33029949816896
-0.00771752138317083,-2.31748014706045,0.0869699634171752,-0.250501635053581,-1.60915928057821,0.213802196705558
-2.85137663218188,-2.66523772117694,-2.65994858667608,-3.76615025677211,-1.13072815291835,-2.60380689669452
-3.56273317899905,-0.957204815640978,-1.86865259063535,-2.13400798691848,-1.76252509574124,-2.63567179263435
-0.0156789976189486,-3.91086034167202,1.70139023471248,-1.75579304694264,-1.32557174939828,-1.30405205923606
NaN,0.242131166394302,0.608124873962652,2.60368778824952,1.61780097362592,0.937061394246143
-0.0357628097578981,0.0147997888913949,0.00444464935381461,-0.00814408109263809,-0.00465213168402556,0.0215196243794651
0.0234109295896587,0.03691189744859,0.0413682581608725,0.025403020403445,0.0293655163326036,0.0170904454525953
-0.00949683525431055,-0.0113946220837136,-0.0104093356869157,0.0173788148439655,-0.00446089930323978,-0.00880979781004498
0.0281032033616384,0.00103539658556429,-0.00140024950127327,0.012054004578772,0.0162954573353886,0.0103420917720882
-0.221418345070731,-0.235780377152309,-0.190190900630711,-0.210389005442494,-0.2150994008162,-0.232407407405475
-0.0419694056008666,0.172687366532216,-0.043037561262679,-0.0510784439386498,-0.00726762608223908,-0.0400822491690747
0.0176625748254366,-0.0151149013578333,0.017384597430123,0.190753032033456,0.00878579191083873,-0.0170515704020602
-0.00469348634027256,-0.0211593397067702,-0.0119860899298487,-0.0058529424808853,-0.0175943766801936,-0.0155369362150282
-0.0426966163685165,-0.018330070936031,-0.00414525536254473,0.0218812911309385,-0.0198811648573383,0.00448476897093997
0.0213274604699336,0.0178696272472507,0.0181745351679297,-0.0092289838764259,-0.00718893827342981,0.0264572245081922
0.00664284408773597,0.0111369400524381,0.0264519018828651,0.0174757223679478,0.0150638148572568,7.08718976625278e-05
-0.0228485810773407,0.000198357097559665,-0.000125529588757445,-0.0159514499332261,0.0120648057194614,0.0035593885516505
-0.014514316052896,-0.0119821010435999,-0.00289588878811742,0.00255460479951353,-0.0404652434555146,0.0100090398589998
-0.00794042724845667,-0.0162836519120617,-0.00299641963428599,0.174484224884367,-0.0144807225808847,-0.00193503497069969
-0.00666573700462436,-0.00238873412735074,0.0254804942598241,0.00508494551601757,0.0130909113156292,0.016165959905635
0.0239689916982115,0.0081373301719907,-0.001382080286362,-0.00538384231350619,0.00726860003368301,0.000195913821670501
-0.0175614358869609,-0.00747586716198612,-0.0113049190142078,-0.00858992245764512,0.00754585865360013,-0.0144138545938972
0.00998674965848068,0.0208588475253464,0.0492761120245291,0.0364797657376243,0.219146900191532,0.220713179674817
0.0196463566185798,-0.0070801552791977,-0.00225661915695241,0.215857866241066,0.0213861944653218,-0.00743083820208312
0.00364519143249709,0.0247352462156982,-0.0032854486791507,0.0236042761579824,-0.00798728315552921,0.00962100494228935
0.00736972922717882,0.204462960229051,-0.00388672350015895,0.00164815051635969,-0.021475879282832,0.00404006393154077
-0.0368475725838096,0.00544733726906088,0.180957884597689,0.191709861634081,-0.0136125372172557,0.0318660362428034
-0.194923641685278,-0.240848166713533,-0.216766979945589,-0.194469434681054,-0.0260722269077576,-0.21511935887483
0.000764945397236261,0.00827533126954449,0.0141047071711284,-0.00337623370316464,0.0301553008067685,0.0482436204631256
0.00349739628762791,0.0282427073576343,0.0159337796775105,0.222058705152619,0.0521613340559384,0.0232994903931285
-0.195577911673382,-0.204820544094332,-0.216140893903372,-0.214237805023629,-0.226580147751321,-0.212328964754818
0.00560990419276663,0.0060592677299951,0.0108340387040755,-0.0101241369784759,-0.00107613823803376,-0.00489087472641359
-0.00309055890340915,0.0127027676050204,0.00687277039872924,0.215599106219713,0.000710513779665689,-0.00216788769517962
-0.0231616145808005,-0.0593954126053688,-0.0138804563714814,0.179961822875498,-0.0167357856320223,-0.021037258774129
-0.0413641269560117,0.013383431466707,-0.00943776766683868,-0.020913486990338,-0.033716593423776,-0.00506449227785311
0.0178409796558867,-0.00120765280780688,0.0185427361066104,0.0166986442622488,0.0265096844405548,0.00820420200341232
-0.0255974924440636,-0.00188372345601806,-0.00969660938611128,-0.0150159361888598,0.00653346418707201,0.00792027514316374
-0.00999861596500295,-0.0302087855972388,0.00091216989193299,-0.0137372914517755,0.0188761983221184,-0.00395414346058942
0.0208053293177954,0.0253505085299821,0.0125824935746834,-0.0283362802952638,0.0037662347957621,0.0409558361900508
0.0276614157561426,0.0254020279673455,-0.00844417086520366,-0.00183037846792899,-0.0191623334527264,0.0185684806159543
0.00892388804714983,-0.003642927688702,0.0345456098574459,0.00978273711731958,0.0184883275801724,0.0328458128781222
-0.0016428238382673,0.00735947573161866,-0.014925640049114,-0.0139272844975267,-0.0485544685053014,0.00465179385759029
0.0232161301598808,0.0287125022335033,0.0332803870257408,0.232953870741255,0.202623909181568,0.0419066293404455
0.0161065993278271,0.170741699394853,-0.0407187071887449,0.000441776072392486,-0.00449303452089111,-0.000701693550212212
0.0114945946749856,0.0113384584282983,0.0350428645753595,0.0189305600822536,0.0485346198266825,0.0162977672911779
0.0195817644304555,0.0141558955426149,0.0461002149751835,0.0581646784997929,0.232174087461402,0.0219471245947602
-0.00226464270321003,0.0173060048712159,-0.00588404630664741,-0.00588799598136802,-0.0227710261918048,0.022244871900881
0.0254582339493368,0.00919269167306425,-0.00916016573447109,-0.0293981249590729,-0.0251222025173661,0.00263682940951071
-0.0285192567442891,0.00557122887136074,-0.0249611024846672,-0.00865341816069076,-0.0233535517337486,-0.0115713443640288
-0.0400404123973601,0.0072984717768918,-0.0140882224828829,-0.0128365424450578,-0.022577956830105,-0.00032597843971871
-0.0140420866321733,0.0250948239570619,-0.0189205782259023,-0.00726268230900473,-0.0111066157402888,-0.00954027134719126
-0.227694634798553,-0.218183871785783,-0.208005793051598,-0.198572221304659,-0.205042742704705,-0.214617160307142
0.00177340261024028,-0.00602475502921607,-0.00320151799820678,0.016521986440921,-0.00766543848544643,0.188741502691641
-0.043870634801408,-0.02929523478889,-0.0332812645996512,-0.0407143240563812,-0.00204633943235422,-0.0426372128260368
-0.00983274764689668,0.00956339576998744,-0.0188008018255346,-0.00524419832464673,-0.0238274721189669,-0.0245789499083457
0.0485448585893664,0.0138120797560362,0.0366197215966508,0.048460778519086,0.0400632323130026,0.034626604127368
0.00386719300280447,-0.0277844746900655,-0.00992532776643884,0.189950636469433,-0.0175760509439442,-0.0156768666529103
-0.0177934523143222,0.00817112152071786,-0.00794186408194264,-0.0215611670863893,-0.0341967406724848,-0.0261094302340439
0.0256033267182829,0.0194465697043142,0.0373533995137336,0.00920655524160452,0.0168940823031392,0.0174631397938469
0.00452174877244715,-0.0266743422461673,-0.039117402689385,0.245336094921157,0.19102676896722,0.141775590183329
-0.00349580334614075,0.00990123475696691,0.0170822455675079,0.0151654798989398,0.00948112488322295,0.00679041020276827
-0.0197741464423871,-0.0465287357873478,-0.0297004163645056,-0.0290779541951451,-0.0180097156662669,-0.0264022572233102
0.0139288001261662,-0.00942364073870294,0.0302035846448803,0.0988197990402,-0.0240432867972231,0.0210625723374278
-0.0096457456282053,-0.0239775305250305,0.0196950110525336,0.0768125407819866,-0.0117616678201102,-0.0105300124291716
0.0284296448729151,0.0986744494186951,0.0394218764158438,0.0266042094791032,0.077652586704744,0.0685383307650795
-0.000938753606959608,-0.0104991339760545,0.0228837753079745,-0.00693002267922793,-0.0164121766590313,-0.0222642846961207
-0.0171590673234618,-0.00779348068431318,0.00286598535586791,-0.0029598811185565,0.0185190713634711,0.0140056097454249
-0.0517194734163127,-0.0652731879430064,-0.0711159763522176,-0.0563912189995222,-0.184200640627637,-0.168181432912121
0.0242093585889052,0.00707888278299151,0.21319278854719,0.143143539084321,0.207144530079233,0.167772384809325
0.0305799458341198,-0.116101297190681,-0.105646805765474,-0.117459197114925,-0.102469283995163,-0.117003870185187
-0.00879406734145505,-0.246463030538223,-0.203759424153446,-0.220674112126119,-0.190886821757346,-0.206730842983347
-0.0170896160088319,0.0391722179739418,0.0323705917273287,-0.00444743872043318,-0.00904882728286793,0.00921226013065279
-0.0336893721426179,-0.120501923932636,-0.102329505230898,-0.174913880066015,-0.167443563106303,-0.16687735520253
0.0267829098195023,-0.0445891091247006,-0.00610630888189689,-0.0554516263650555,-0.00198675049691133,-0.240515871811795
-0.0161215421230736,-0.0148448733963562,0.0503799179090265,0.130498022787179,0.121158202717083,0.119974056634391
-0.0117421570301417,-0.0428777762372476,0.039046597109234,-0.0349015350793707,-0.0287916256468748,0.0783698595267026
-0.0435429089822321,-0.0169515382654879,0.0463080052431621,-0.0430256353423317,-0.0511447703652266,-0.0136318648686427
0.0292094556727704,0.00832611781819992,0.0222573361920411,0.031612497417683,0.0413399366845795,0.00163572522305344
-0.0183119400621763,-0.0485443384735902,-0.031860906434872,0.043145706595908,0.0155564973591993,-0.0257757800038974
0.0356419792097142,-0.0554685825723311,0.0166190560772463,-0.104419555659348,-0.095818275192272,-0.171782784627766
-0.0801043292686074,-0.153124358576008,-0.191916316163088,-0.166653257302215,-0.199904823200598,-0.203042865255895
-0.0108283560506663,-0.143308825201018,-0.118767169750072,-0.122096581378827,-0.128092252139481,-0.147099568035856
-0.0625353125379036,-0.0516123714699859,-0.0307797610209946,-0.0426295015127209,0.0712099615605837,-0.021607130345501
-0.00737695477840816,-0.0703279674571604,-0.120288882233012,-0.0995732782614311,-0.120299405228394,-0.218749156291693
0.00999524299282939,-0.0182569747013019,-0.0442571936024194,-0.00363923891757167,-0.0180493911399253,-0.00753318650720303
-0.0233500550274925,-0.0254343970826483,-0.145642942290664,-0.155619721329742,-0.28275452066157,-0.351943636775559
0.0666640119717954,-0.0196896840757859,0.049092289245948,0.0515406822388513,0.0960171173512663,0.0802130690912293
-0.0308433441008447,0.00353431869720566,-0.0524588557645984,-0.0336139525306862,-0.0160298436132962,-0.0327498968127884
0.0134281014914279,-0.0660313994907824,-0.0579927080168829,-0.0763456323207663,-0.0641184874787939,-0.0724877749763948
0.00653966429658226,0.0240558100202293,0.00642017733912326,0.0161315460673279,0.0082403519901959,0.0149438856007862
-0.0291895403517515,-0.0882008279347986,-0.174364342931597,-0.26117201874797,-0.182924263837577,-0.161230128191562
-0.0433017678766134,-0.0307738835580835,0.0132539898162918,-0.161180790645801,-0.116006209870534,-0.187998409775588
0.0486076806435563,-0.00550630597859936,-0.338251013557851,-0.824970135292972,-0.595433854895248,-1.2326846547121
-1.01811120696743,-1.69999530666877,-1.54152948627288,-1.23697392049257,-1.1130476223039,-1.37157347675111
0.602861342757535,0.527157909431992,-0.491236623283953,2.3933852023905,2.1614623998704,-0.436286652214079
-0.296020617527205,0.57514412263663,0.459691038952741,0.587936139532758,1.99147979556398,-0.175550358667579
-0.49746519181241,0.58084830943622,1.71526207288548,-1.30304917274296,-2.85593265027643,-2.91929169257256
1.43781036690814,1.67107030561314,0.49984924626483,0.188820933373137,-0.262000735302877,0.420494830753086
0.977546137693992,1.15567290883075,0.0597760424160185,-2.29381786746779,-0.878919842552591,0.608552368213509
-0.172118938285223,-0.455886666334806,-0.536698065547853,0.625043711101455,0.286105368598925,2.26262877278867
-0.173551639107416,0.606985559147063,1.03811900012747,-0.641998862436139,-0.220041432911273,-0.814029763039315
0.307390076511211,-1.01581046417667,0.0389904839556436,0.05344448748437,0.177452600681221,0.446547011530384
0.305897494020911,-1.76774806831702,-0.473576214494159,-0.948682449705871,-1.01210267023919,-0.797624291182558
0.63232470319457,0.857142641043509,-0.687464110106816,-0.650033867496205,-0.776016782422147,0.17621469422707
-0.775236013444783,-0.370393677466836,-0.543997255745637,-1.00203910767948,-0.516704928873082,-0.882905070636781
1.77657019041396,1.34825453139132,1.54688853352945,1.14704374431082,0.795929612503386,1.27720861195411
0.333991392565963,0.762994519596589,1.12085834621112,-0.500296662781949,-1.34854020044017,-0.694657791511872
-0.188588504533726,0.395811156038434,0.576091849691579,0.802732560351984,1.0052501684271,2.33101920453313
-0.591335676787537,-1.32618721487168,-3.01984485280701,-1.69145825422819,-1.28084784581952,-2.4113420810954
0.226468939497693,1.26396083938039,1.98730286634282,1.30865089319715,0.340657082770349,0.249730162829792
0.937312949721758,0.782198041484975,0.231180968544209,0.0551576716026432,-0.458153937544836,0.79332641551801
-0.663074315454423,-0.632263729516694,0.545550532437829,-0.306199668644098,0.549164783963988,0.684945845490461
-1.17935289348748,-0.815031957639832,-1.26780498906086,-1.47139613303418,-1.23096789993895,-1.17662797283427
0.0138432988142654,-0.403233777201706,-0.160291521839838,-0.354142751596413,-0.220489199585643,0.384313598756762
-0.0550938811879575,-0.730805822412606,-0.902996496051202,-0.767716483913262,-0.968515628905777,-1.22322742872007
0.562866969685814,-0.504017413027384,-0.363898369428739,-0.729285199217543,-0.640356087977722,-0.985234202528488
-0.457462904119296,-1.47542023033225,-1.73783749987282,-1.56805687485686,-0.959569835005169,-0.325743902691187
0.483936081202813,-0.268326511559138,-0.542293888278721,-1.54991195546035,-1.26624495022173,-1.21629848766057
1.88768995695122,1.50813336224999,0.439963678647587,0.334724557121717,0.174437484350619,-0.0656895829296786
0.857402132455491,1.16285819454262,1.24863117107463,0.817697243737598,1.0845623854284,1.47120908425231
0.843094223641287,-0.0643107395966069,0.0929841181882409,-0.333068266429649,-0.181089238691641,-0.495517780753374
1.48566056072215,1.64425530463112,0.682090629005558,0.954909752162308,0.38549622718881,0.52179915641338
-0.118673077871307,-0.183832924496528,-0.367251596989121,-0.957448568481624,-1.05022083723884,-1.43764153119079
0.205719727231582,0.232063456316013,0.284491148649721,0.416327047583223,0.143913841658957,-0.0402725672651911
-0.248353811084854,0.254859189469897,-0.0706668881137205,0.415439118316868,0.414297391882684,0.363220607647037
-0.264885944114269,-0.0408766919471191,-0.0269230292429086,0.0661005512634745,0.232256360451657,0.145330708507657
-0.133519568758231,-0.168540565937207,-0.270465403026549,-0.3531369928495,-0.265915922853594,0.237902105837577
-0.0609943438980167,-0.325120751273204,0.0880224946780856,-0.00881698982647094,-0.0857600551152586,-0.321745381928224
0.0261314272437971,-0.104164704537197,-0.353008316848957,-0.310765973347543,-0.371527615990829,0.0839371037162095
-0.129189671521743,-0.514610572071888,-0.476149989454711,-0.415237461654073,0.32405432295468,0.375237375666899
-0.000983375228770456,0.192923921721246,0.233119805813203,-0.139984100990205,-0.318983878616592,0.227492646608795
-0.258253809364277,-0.290155701190116,-0.312783044158493,-0.303990655328562,-0.331958948689845,-0.428013367240112
0.362597107969037,0.49419713131303,0.318501580442444,0.581839961748955,0.528786865120168,0.52714812059051
0.121579341521567,0.13413460635627,0.103296104046251,-0.128568953523114,0.0856272150827238,0.0487230588925627
0.199952201953494,0.110046075952084,-0.0973483441431711,-0.339053458879704,-0.150256804700831,-0.147437390522157
0.292329802788089,0.454422594252463,0.0612117618714194,0.400806602136839,-0.0129203388794394,9.3220091770263e-05
0.42737207512684,0.293640245648902,0.436904956188272,0.0126290453077047,0.265873873483969,0.626902306441679
0.0721658899659303,0.412235202581314,0.195754056150719,0.225188330956684,-0.154286421469607,0.0314263830685775
-0.136588955571938,-0.406996995560888,-0.140231053120999,-0.273312109649339,-0.242572643297592,-0.353822922269046
0.260007083192107,0.386875762555661,0.151978169684782,0.447086006658822,0.519405983983148,0.0623421448558759
0.0178370338350362,-0.151035205662708,-0.102838090018395,-0.0785396705100254,-0.0820305962128032,-0.217769359380668
0.109621777091263,-0.0497710457591154,-0.166900533027388,-0.18467473620143,-0.0942169808848234,-0.194530503707512
-0.299988129546961,-0.211287444827178,0.369956654233874,0.104943320552422,0.0467723753060056,0.0847486737160921
0.267762419087717,0.0949731291590012,0.29228575131134,0.0578953522872894,0.0512272798339666,-0.166640852103342
0.0857968005611269,-0.137668943838435,-0.336572158255194,-0.237523807092487,-0.31045131550934,-0.269287995336356
-0.106702733161342,0.0333966450812397,0.0371802961537071,-0.201559228543204,-0.163976979008311,-0.127533524611039
-0.132362985939181,-0.380118043779646,-0.302540977404789,-0.33108534745719,-0.524793468825834,-0.348992610270955
0.0411852679407332,0.0342363251721167,0.0642991172776135,0.23376016705231,0.206726678870922,-0.025549563520201
0.0229553521203911,0.0233557527566859,0.00235392352118424,0.207635889279004,0.246886017851011,0.295632803722185
0.034011004780325,-0.193406175784901,-0.236741488633811,-0.213744003222899,0.00934690250358017,-0.00571019275216145
0.00206022332824318,0.0913840725613682,0.064694726594638,0.0866449756849477,0.0586906443780606,0.430191747105027
-0.149485503898859,-0.162760777184843,-0.131612719278223,-0.130798631863172,-0.222630001206113,-0.225063787375916
-0.171194651906802,-0.176676590046213,-0.23873294543975,-0.189453253187907,-0.102438133760501,-0.420628233294593
-0.0369921395457027,-0.0193575966328581,0.21015881650888,0.195638518008593,0.263582625035724,0.325930299958372
-0.157745413667271,-0.286789822172608,-0.386584460485807,-0.258703986538137,-0.342711527247104,-0.424851681891369
0.0475176609427308,-0.341940592332264,0.102781352439649,0.352183656396733,0.0164038902625521,0.173902793197726
0.29520015600184,0.33683027110169,0.390288477971865,0.483030612814559,-0.0866498864856453,-0.0317645753461591
0.00222197685332048,-0.0145359061456531,0.0505443604677112,0.0806902515545858,-0.1544568464181,-0.139494477488483
-0.0368569869863506,-0.373930810293558,-0.369075789704311,-0.411390814521411,-0.179903920233187,0.13358379996663
0.117503615886903,0.146419561098185,0.0851818894439589,0.120136271999002,-0.199619001494455,-0.234553991979908
0.0257419386676645,0.0508681651008942,0.0884824887743889,0.105885768667321,0.0539614685941956,-0.0687493260446104
0.11496742255153,0.0850775712796406,0.0763019584601921,0.112527713211705,-0.014084615869649,-0.0219865654029263
-0.0225463802051991,0.0108513159073595,0.0444567921293242,0.0637917778913391,0.0337741442130834,-0.00679684646374312
0.0355741999842394,-0.00253814016039655,0.00300669496826345,0.00272787587397261,0.025121575918547,0.0032722801546754
0.0109102287723886,-0.00727868580713675,-0.00402259447503184,-0.00596623718737987,-0.0244727470419548,-0.0571297020160557
0.0860612995448093,0.0212621590791571,0.0606090582435002,0.0750532068895495,0.0622084284351558,0.0384569664204832
-0.027191407478,0.027025394527783,0.00613181744148505,0.0295036900688785,-0.00150126717440457,0.0440067731580029
0.0825874569694633,0.0135177856060977,0.179963070785135,-0.0376371767159185,-0.0674723542612981,0.00803850487605473
-0.00878145547554254,-0.00910972419890754,-0.0187679987086256,-0.0460440424977548,-0.0609209267742017,-0.0574975536800935
0.0236048464668954,0.0372679468713386,0.00720457072355885,-0.0291196967737619,0.0148535325072885,-0.000227626159642114
-0.0287679314016884,-0.0211403677290036,-0.00652208571710844,-0.0346225806930534,-0.00946998118729425,-0.0467984706697564
-0.00112548453077466,-0.00622877658474863,-0.0606192066561562,-0.0437294425727544,-0.0500676106407525,-0.0482764140492122
-0.00167990292680997,0.00538516071014783,-0.0177134840242843,-0.00432772947385729,-0.00900365020535787,0.000414008379038933
-0.0540738497967652,-0.00361496264213201,-0.0356264278467791,-0.0742845097070131,-0.048332037862707,-0.0681557441042173
0.0353736611847353,0.0115745596093575,0.0402338038232699,0.0315669184778642,0.0442155760901528,0.0193081831157258
0.0168307167686805,0.0393317127260104,-0.00571640537452822,0.0153938353329295,-0.00192000603638576,-0.0189321655182937
0.026954648208914,-0.0095297477254519,-0.0324627905065711,0.00211049866442181,-0.0107609355289355,-0.0130864541323206
-0.0190735020245256,-0.00677825237602292,0.0375506106402668,0.0360909584389901,0.033647992864303,0.00845890951444517
-0.00249146864965155,0.0196554097826436,0.00470210196075982,0.00410855243362107,-0.0020920942082796,0.0178884614156232
-0.0400770236252299,-0.0736079517382109,-0.0458194331055211,-0.0344262741970169,-0.0510267234368484,-0.0261608568485485
-0.0134309361214378,-0.01603328191473,0.000977057401229331,0.0586384487461942,0.000529725046192198,0.0156579750714627
0.00561721372901047,-0.00795967485731808,-0.0247862087124133,0.00356190986963156,0.0278331316688423,-0.0615611341582394
0.0157945504310248,0.0451878880025163,0.0462774773500882,0.0110317977568002,-0.00438305480054169,0.0270417232800071
0.0335457316946304,-0.00676046919210194,0.00952219499279749,0.0358279398360821,0.0151763160189944,0.0364570532205732
0.247093296971116,0.207791572635273,0.235663469245054,0.266922942942642,0.206512959073933,0.207918126159257
-0.0679840701104695,-0.0413534271908418,-0.044203529151531,-0.00953494429779767,-0.0558035987673122,-0.0503507510390762
0.0307842385994945,0.0343932188499991,0.0153204060908934,0.0104981963696957,0.0198126120315294,0.00780000417174165
