93.7658483888479
94.8719884201606
94.2697408469977
94.7233252631375
95.0536613919366
95.0023850760036
95.5328594889293
94.6646518614061
97.3584174226073
118.608484310419
NaN
143.81020007836
143.80005664172
143.79246570916
143.806822789439
143.781170221476
143.814864051881
143.807057007235
143.793877676368
143.782037808626
143.807971705469
143.789379399446
143.787793251513
143.78926778459
143.8024898099
143.808687505699
143.822399311892
143.812585477142
143.814931128325
143.807039373574
143.793452005405
143.779000601163
143.788006999202
143.790612201822
143.806983341274
143.782435950063
143.811485367766
143.785169639084
143.837479454496
143.807416239663
143.786191660968
143.804194368893
143.788595795738
143.807383687412
143.794447258259
143.800585463061
143.789995798737
143.763755864971
143.816868579516
143.807364255085
143.807929135606
143.794253745738
143.81082906751
143.806958083624
143.823536819737
143.784851058546
143.798543112368
143.800289438971
143.77694370725
143.806208661314
143.799816949704
143.783472845359
143.8113564965
143.816156099696
143.799697364705
143.796393476293
143.789294328009
143.772881726581
143.790979534833
143.785199451915
143.816640718032
143.805322028349
143.793216600192
143.795014015255
143.801694137772
143.81636253728
143.814702052685
143.800316510122
143.806898451085
143.820665623897
143.808085702234
143.79985365633
143.800242150638
143.787305639439
143.808198623707
143.786702155904
143.80259309284
143.773952161347
143.794024276324
143.810470580777
143.81026495984
143.792457797843
143.795799194258
143.793033598737
143.800671558504
143.79095837931
143.807104764254
143.808941703818
143.807948393533
143.804884533222
