94.523298850201
94.7945373634896
94.6809259563865
94.9013428756476
95.015593760104
94.950507495741
94.9339780999208
94.9539445877018
94.9916079908821
94.8962759136675
94.9218365814769
94.842083606371
94.6764722832206
94.4455791329772
94.3490094912063
94.3538450918208
94.3990738371721
94.3719319218358
94.4140064753524
94.3875745373212
94.3580660990305
94.3351095480089
94.3954858348242
94.328162301092
94.3417502569579
94.340518289966
94.3561593162741
94.3505157850434
94.3367748657309
94.3776340607247
94.3239015439287
94.3431844055051
94.3790814190323
94.2766581999491
94.3316535985924
94.3154569992267
94.3811528257535
94.3352523192304
94.2940992132614
94.3900749643453
94.3450237692543
94.2490835694103
94.3153945576964
94.1533501343275
94.2776191102499
94.143764054715
94.4783514621409
94.5010062575721
93.7087686564684
94.2127945470499
94.1563203694314
94.2973756003281
94.2079934041244
94.2810611415134
94.223585281992
94.023215465751
93.8406565914165
94.1270797259946
95.8143396864779
94.9866767289283
94.8221006132622
95.2569243262096
95.1430616938948
93.537321412469
NaN
95.2971586707327
95.3282609535285
95.2883934014349
95.3190847173869
95.2506298798855
95.3798957526399
95.2748686367283
95.2298597982169
95.3255924044047
95.3150634756433
95.3010190493545
95.2735200291548
95.2988820015775
95.3292375476607
95.253202056079
95.2980212162903
95.3240316216668
95.3154809699681
95.2704397520454
95.2833362906882
95.3465575421387
95.2435160062651
95.3099829811879
95.2654413809203
95.3114776843021
95.3328141178948
95.2658994467782
95.2627369923564
95.3346719255254
95.33481086559
95.3164636156103
95.3388965979686
95.3248262499476
95.2683667683834
95.3167190452613
