93.1287576911889
94.5787820470857
94.5628510640602
93.9715861299633
93.9944314266556
94.2635342108234
94.1649812062079
96.0633953167641
96.5365355719448
95.0457693834553
95.1400478840117
94.9302646500212
94.7589116376571
96.1873095422753
96.2955947189364
96.3982459124466
95.2516788724361
97.0266959195272
95.9733671296763
96.9877452379244
95.9953334484021
96.5603250639447
96.3442263182501
95.3371548397319
94.3261509329693
95.0340792565266
95.4541168949762
95.1894231757219
97.1330497229398
96.1962348667503
95.0512254158142
96.1309302023721
95.2682365359102
95.7598417491458
94.9783688850622
96.1266839453354
96.2955505799376
96.2817167297471
95.9787236313455
97.0805896253353
96.1708168261336
96.2041203680663
96.7427604195672
96.62421753994
96.2905131063307
96.2558141753116
96.3574023880113
96.8725507428736
96.4194474260895
95.2341101717916
94.9316253876757
95.4701998925928
95.3755592954193
96.2648335416502
96.0731950190584
95.8186047067295
95.2991627800302
95.2771334367497
95.2428576423242
95.1396789626936
95.2162046236505
95.1259050198769
95.2775151052708
95.3115612333453
95.3066760413669
95.4552243438584
95.5584382088519
95.24203494049
95.2895596921736
95.2518503643123
95.1583658738192
95.1833512000002
95.1411290841154
95.1331572496911
95.3070483361855
95.2824189528687
95.4784385353719
95.6443812907843
94.7998234758272
94.7241559358614
94.620557580217
94.6437627901119
94.5049761343328
94.6496130431341
94.6051849770429
94.6852737970757
94.6077856802401
94.8536490040242
95.0864134364444
94.9883640867535
94.8406636178593
94.7111425624263
94.8965750620333
95.6860292341979
95.6945933453117
95.5812315884236
96.0524992604159
95.9652157074236
95.5574418450243
96.1972265341192
95.7233375242605
95.1641874615524
94.5329467748082
94.7618050115116
95.4014302381221
95.2153687783202
95.0246905778145
94.8578256139536
94.9380069962926
95.5249489292051
94.9528786856087
95.3693241736726
95.2019681368504
95.10524263059
94.8324780354287
95.1500501108428
95.9527653625456
95.4130826031285
95.9435730458395
97.0604399567563
96.4732612409547
96.2053163898383
96.1671094098098
96.6844407187923
96.2838309041859
96.3232566319603
96.6403888287893
95.2699219121225
95.6537329103554
95.7000478386617
96.112486258711
97.0148412760899
96.6175138581603
95.9405647020987
96.2293369787232
95.5714921494989
95.3765757641648
95.5581813855632
95.2225554612021
96.3747580794562
96.9173658093736
96.8318948327032
95.6062040068832
96.5607250164245
96.4612106752517
96.3718049504923
96.2243330133559
96.0754515297501
95.8772261987937
96.2860689532377
96.6636216441903
95.7964552614955
95.9076086601606
95.9115479988143
95.9162323062034
95.3615341622505
95.9656850926278
97.952652078054
99.1501097560466
98.4662033547242
98.3953466859639
98.6004366070519
101.87769671296
103.883399350856
103.113094729266
105.660934655782
115.890220158892
117.412704909989
115.592570056526
115.609161089921
117.61713621399
115.173133231275
116.350699102834
115.391792659068
116.264683578238
116.019910728899
116.575375759592
116.136142522497
114.096587627994
115.240559865225
121.806633295978
142.061245710005
144.447640379796
141.968232438935
141.772863776083
143.980080047963
144.195838327768
144.392950559596
145.023836723731
142.309211575836
143.375869534176
142.584007461338
143.932823631598
145.394986468175
146.02462839368
143.060216159473
142.125748792413
141.907342521219
142.271532015574
141.064154819155
145.359519513665
142.326005767142
143.576162578758
143.756799388054
143.25678630901
145.365600483747
143.782692836745
142.036514955875
144.543511866075
142.182875420791
142.918243559109
142.56780806018
142.549266096709
141.514838726557
139.882258473644
143.199118598606
144.854013450875
144.299239667191
143.300426479425
144.370428695573
144.725448856532
143.182018084143
146.167866668489
144.440976435672
141.967204319176
141.299158625372
141.177845293528
142.966086709544
146.056557466588
143.123829303482
146.041611271805
142.658799012421
143.715576231036
144.23454251288
147.784398669645
143.138989322055
145.977278727182
145.194326573966
144.015845720714
141.901376946818
145.277140894057
141.195369169297
141.111340051027
141.643933041498
144.229315223539
145.553405392776
143.213474000847
143.086344447903
143.502495357716
144.820899627377
145.180589207717
144.04186977843
140.551597436802
143.352275551795
143.284199274203
143.139467716897
142.727723361945
142.32398546274
141.635069013078
143.74357612735
142.985064861568
143.658608385946
144.681766903601
143.690614663159
142.705444481511
141.112361001607
143.377339209704
144.447947300248
145.244861949115
145.997925927811
145.618430906934
147.494719235367
142.621105867374
147.095482624925
147.065140974633
147.017774600706
146.2579178293
144.188486242194
145.984727852815
144.502159650097
146.942256012789
147.399285172673
145.808539443317
146.249963069714
146.206637993048
146.678519781904
144.855032193344
145.993152635817
143.534304142335
146.112678114607
144.652921979621
143.210263487727
144.4849194347
143.35644793216
144.566135910508
146.109868774139
146.370687722038
145.828101717134
141.396969538622
143.570169170526
147.441441879646
144.902752583579
145.89830786021
147.387295668888
145.925952823888
144.393243948534
147.836759317974
147.408762675747
145.03455506925
145.051378949642
147.195918122139
145.962113298949
145.25199502266
147.284058680524
148.601099455107
149.05317071677
146.58860792648
143.995153397769
144.791227670672
144.770881916315
144.802571932612
144.77829253809
145.018171501298
144.822857561905
144.774814074631
144.802502229546
144.806786691578
144.770870376616
144.782465289096
144.786044716394
144.79833636997
144.809337889236
144.782369007397
144.800539875002
144.797374461551
144.765322187454
144.79707596541
144.782176328397
144.786877097552
144.800281157901
144.999630187921
144.786812139631
144.760772599122
144.991142967669
144.787931273218
144.788053116222
144.805906168116
144.815960783724
144.78231271316
144.813901712739
144.796922597263
144.777502466751
144.790660829018
144.769964449457
144.803199264712
144.773609407534
144.803989655612
144.783688701745
144.771599104369
144.798786020752
144.796621455542
144.813459002824
144.802593494469
144.798936460981
145.00272958868
144.798347324421
144.785275045449
144.779874174046
144.720690776826
144.771365859291
144.785469750304
144.744214112452
144.768263407183
144.919270724162
144.971318296325
144.93613251543
144.955809616546
144.924733270893
144.988604805509
144.991097170613
144.960872846789
144.752376046817
144.897015840107
144.794142909807
144.576435271996
144.57278044503
144.370418736663
144.166414275845
144.286956551994
144.32517435836
144.290852093979
144.289886287096
144.146614676794
143.836938716761
143.695032145425
143.583809724696
143.571664372703
143.222735012492
143.11385847324
142.75988289511
142.855670745576
142.842546085439
142.690708441973
142.693917756819
142.555111757095
142.365051805461
142.046680299286
139.694168572867
139.923789023636
140.6431133425
138.324966427117
139.695836324953
138.942273552717
139.254111178319
139.133474578192
138.859723053277
137.851864395459
139.409109441659
137.919380429964
137.782453098072
136.7591513685
138.315290458207
136.050107878646
135.408435717074
137.060405225526
137.757004339238
137.473341471459
138.138924744591
136.739170341952
136.333514013793
136.549179567117
134.94311365883
134.612074098025
135.877379284345
135.308962738703
136.650027360333
135.136070514347
135.108498973479
135.392936020187
136.062753284948
135.864048143571
135.45639837013
135.620240930598
135.716906188444
135.530452845023
134.774103436301
134.842489341799
135.017058941024
134.879189196441
134.897553487871
135.231487510641
135.40473432729
134.967001157292
135.329064045803
135.218950446142
135.077107250269
135.135577798125
135.124373175424
135.160955542628
135.402292209316
135.02962876862
135.074235202522
135.280978306438
135.20077913874
135.40366298169
135.191133518777
134.872599090696
135.351928831266
134.793654727685
134.965533436744
135.099861677773
135.127403835982
135.065475584081
135.094966181139
135.017248864244
134.950968966609
134.954719335621
134.978827106753
134.923854382076
134.951863202667
135.008835505329
135.013307834294
134.949277264151
134.988165618267
135.003747291057
134.973975964162
134.996216727128
134.928415771077
134.960368881677
134.965989140251
134.945463516277
134.962147775051
135.009670688932
134.951506713563
134.965756750211
134.960855264637
134.938372757065
134.982465861866
135.258405276799
135.193125533816
