92.8480202881375
93.0775188048315
91.671302420701
92.5824321141953
92.3884697699369
91.5269513036094
94.1301895183998
92.1134878031648
91.1794830726445
91.7957219239313
92.2101572820872
92.444351557769
91.5656213994196
93.6762364056076
91.9834509852214
92.2792674921875
91.2943402202794
92.9037716106485
93.5003186665633
93.0319403118232
91.2871824388202
93.5583519977138
92.7256654418892
94.7799832512178
91.8317329197565
91.9371007079641
92.4575797411408
92.21721179414
92.7867740089238
93.3732294001963
91.8042108763454
92.0217068646023
91.5530859038063
92.2291609298458
91.5224330766509
92.8843889927536
91.830114754104
92.9658636887275
92.6278963304179
92.7782843001423
