0
0
0
0
0
6.04576710265889
5.43676005541972
0
0
0
0
0
0
0
0
0
0
0
11.9987742141463
0
0
0
4.26407048025922
4.90840319116337
6.78562751605494
0
6.67058868817276
6.53185935496526
0
0
0
0
9.76969472235608
0
0
0
4.20189920510505
0
5.69684850987953
0
0
4.70322764356605
0
0
9.69593832600192
0
0
0
0
0
0
0
0
0
0
0
0
7.12072477501186
0
5.59958947670038
4.27120694060742
0
5.11161925747307
0
0
6.69687966832558
6.24213423924954
0
0
5.76206923649923
0
0
4.95958528018604
7.10970050167312
3.65453693032924
0
0
0
0
8.25734481869232
0
3.33487395695393
0
6.40371672143257
0
5.21855364865016
0
7.11719079671366
0
0
0
0
0
3.01582531785735
5.21217190622852
11.659654526213
6.46555593739772
0
4.04192261271859
0
