0
0
4.28727519537844
0
0
0
6.07106178955453
0
0
3.92002612684202
0
4.56207874702178
4.0358045580313
0
0
0
0
6.90847715263513
0
0
11.8665749125479
0
0
0
0
4.49083041244085
0
0
0
0
0
17.3218087582544
0
0
0
0
0
0
4.89188105644482
0
0
0
6.62065581905033
0
0
4.31602456365756
5.86960874271165
0
0
4.26677506620454
0
3.4936987537043
0
0
4.39979385495174
0
0
0
0
4.36335495939823
7.54282045587405
0
0
0
7.14204627409216
4.14392555235943
0
5.86723303787157
0
0
0
0
0
0
16.6350672407874
0
0
5.13273538517352
0
0
0
3.58445063396145
0
0
0
0
0
0
0
0
6.32379425014314
0
7.04375821356
0
2.8076383213453
0
0
0
3.15271967795398
4.51589290178621
