0
0
-0.451155804621558
0
0
0
-0.425403910445469
0
0
-0.442018673157981
0
-0.454678752978219
-0.445451441968699
0
0
0
0
-0.375299147364875
0
0
0.358025912547921
0
0
0
0
-0.454034787559152
0
0
0
0
0
1.88389075825439
0
0
0
0
0
0
-0.455227743555176
0
0
0
-0.39514658094967
0
0
-0.451656036342441
-0.433934857288352
0
0
-0.450779933795462
0
-0.424929746295696
0
0
-0.452938345048263
0
0
0
0
-0.45241284060177
-0.322091544125946
0
0
0
-0.357208425907844
-0.448197047640569
0
-0.434027462128426
0
0
0
0
0
0
1.65640624078741
0
0
-0.453131514826477
0
0
0
-0.429158766038547
0
0
0
0
0
0
0
0
-0.412748449856857
0
-0.365036186439998
0
-0.382398178654697
0
0
0
-0.406142022046025
-0.454282798213788
