Jens_activity_save0
0
0
4.738431
0
0
0
6.4964657
0
0
4.3620448
0
5.0167575
4.481256
0
0
0
0
7.2837763
0
0
11.508549
0
0
0
0
4.9448652
0
0
0
0
0
15.437918
0
0
0
0
0
0
5.3471088
0
0
0
7.0158024
0
0
4.7676806
6.3035436
0
0
4.717555
0
3.9186285
0
0
4.8527322
0
0
0
0
4.8157678
7.864912
0
0
0
7.4992547
4.5921226
0
6.3012605
0
0
0
0
0
0
14.978661
0
0
5.5858669
0
0
0
4.0136094
0
0
0
0
0
0
0
0
6.7365427
0
7.4087944
0
3.1900365
0
0
0
3.5588617
4.9701757
