91.7799008373016
91.2123666770773
93.5996666281464
116.956023207722
122.112374119902
117.363777776497
124.775665366086
128.728220040821
130.215259196415
136.336533558827
132.445424925046
139.38607724471
133.852397642501
139.051100748095
138.346621360174
138.328001824658
138.259042961909
135.830443226345
138.951765110142
137.422647823974
132.628507253796
135.675391206643
138.155870705362
137.69066087667
135.066949650107
134.573648169503
113.770863828249
128.441119635245
131.493774067845
131.829209446849
138.336211739518
137.441316394347
135.310377005426
135.110177662436
136.824494533924
133.501475730819
133.19748465491
128.286840227528
132.067083370318
131.106306383863
